# Blender 4.0.1
# www.blender.org
mtllib Road.mtl
o Road
v 247.233093 -0.000000 -1.044220
v 247.233093 1.000000 -1.044220
v 247.771759 -0.000001 -2.951706
v 247.771759 0.999999 -2.951706
v 258.765808 0.000000 2.271881
v 258.765808 1.000000 2.271881
v 259.314331 0.000001 0.329941
v 259.314331 1.000001 0.329941
v 248.305649 0.000000 -4.841911
v 248.305649 1.000000 -4.841911
v 259.867615 -0.000000 -1.629280
v 259.867615 1.000000 -1.629280
v 248.822357 -0.000000 -6.734352
v 248.822357 1.000000 -6.734352
v 260.404572 0.000000 -3.595543
v 260.404572 1.000000 -3.595543
v 249.329681 -0.000000 -8.628052
v 249.329681 1.000000 -8.628052
v 260.932312 0.000000 -5.565552
v 260.932312 1.000001 -5.565552
v 249.825790 0.000000 -10.523262
v 249.825790 1.000000 -10.523262
v 261.449036 0.000000 -7.539986
v 261.449036 1.000000 -7.539986
v 250.303192 0.000000 -12.421097
v 250.303192 1.000000 -12.421097
v 261.947540 -0.000000 -9.521286
v 261.947540 1.000000 -9.521286
v 250.768250 -0.000000 -14.320740
v 250.768250 1.000000 -14.320740
v 262.433655 0.000000 -11.506866
v 262.433685 1.000000 -11.506866
v 251.219788 0.000000 -16.222439
v 251.219788 1.000000 -16.222439
v 262.906158 -0.000000 -13.496925
v 262.906158 1.000000 -13.496925
v 251.656876 -0.000000 -18.126480
v 251.656876 1.000000 -18.126480
v 263.363983 0.000000 -15.491463
v 263.363983 1.000000 -15.491463
v 252.078857 0.000000 -20.033134
v 252.078857 1.000000 -20.033134
v 263.806335 0.000000 -17.490295
v 263.806335 1.000000 -17.490295
v 252.485367 0.000000 -21.942673
v 252.485367 1.000000 -21.942673
v 264.232697 -0.000000 -19.493088
v 264.232697 1.000000 -19.493088
v 252.876205 -0.000000 -23.855331
v 252.876205 1.000000 -23.855331
v 264.642670 0.000000 -21.499435
v 264.642670 1.000000 -21.499435
v 253.251633 -0.000000 -25.771194
v 253.251633 0.999999 -25.771194
v 265.036469 0.000001 -23.508911
v 265.036469 1.000000 -23.508911
v 253.611633 0.000000 -27.690235
v 253.611633 1.000000 -27.690235
v 265.413971 0.000000 -25.521297
v 265.413971 1.000000 -25.521297
v 253.956375 -0.000000 -29.612080
v 253.956375 1.000000 -29.612080
v 265.775543 0.000000 -27.536579
v 265.775543 1.000000 -27.536579
v 254.285904 -0.000000 -31.536060
v 254.285904 1.000000 -31.536060
v 266.121277 0.000000 -29.555172
v 266.121277 1.000000 -29.555172
v 254.599945 -0.000000 -33.461304
v 254.599945 0.999999 -33.461304
v 266.451202 0.000001 -31.577728
v 266.451202 1.000000 -31.577728
v 254.898132 -0.000000 -35.387394
v 254.898132 1.000000 -35.387390
v 266.764954 -0.000000 -33.604538
v 266.764954 1.000000 -33.604534
v 255.179962 -0.000001 -37.314533
v 255.179962 1.000000 -37.314533
v 267.061890 0.000000 -35.635281
v 267.061890 1.000001 -35.635281
v 255.442810 -0.000000 -39.243431
v 255.442810 1.000000 -39.243431
v 267.339172 0.000000 -37.669731
v 267.339172 1.000000 -37.669731
v 255.689529 -0.000001 -41.174255
v 255.689529 1.000000 -41.174255
v 267.599457 0.000000 -39.706619
v 267.599457 1.000000 -39.706619
v 255.919617 -0.000000 -43.107475
v 255.919617 1.000000 -43.107475
v 267.842072 0.000000 -41.745346
v 267.842072 1.000000 -41.745346
v 256.131500 -0.000000 -45.043728
v 256.131500 1.000000 -45.043728
v 268.065338 -0.000000 -43.785343
v 268.065338 1.000000 -43.785343
v 256.328400 -0.000000 -46.982708
v 256.328400 1.000000 -46.982708
v 268.272522 0.000000 -45.825886
v 268.272522 1.000000 -45.825886
v 256.507538 0.000000 -48.924995
v 256.507538 1.000000 -48.924995
v 268.460785 -0.000000 -47.866669
v 268.460785 1.000000 -47.866669
v 256.672516 -0.000000 -50.869793
v 256.672516 0.999999 -50.869793
v 268.633881 0.000001 -49.907539
v 268.633881 1.000000 -49.907539
v 256.820740 -0.000001 -52.817154
v 256.820740 0.999999 -52.817154
v 268.789276 0.000001 -51.948624
v 268.789276 1.000001 -51.948624
v 256.955231 -0.000000 -54.766399
v 256.955231 1.000000 -54.766399
v 268.930084 0.000000 -53.989880
v 268.930084 1.000000 -53.989880
v 257.073853 -0.000001 -56.717918
v 257.073853 1.000000 -56.717918
v 269.054169 0.000000 -56.030975
v 269.054169 1.000001 -56.030975
v 257.178802 -0.000001 -58.671543
v 257.178802 1.000000 -58.671543
v 269.163788 0.000000 -58.071571
v 269.163788 1.000000 -58.071571
v 257.269958 0.000001 -60.627495
v 257.269958 1.000000 -60.627495
v 269.258850 -0.000000 -60.111275
v 269.258850 0.999999 -60.111275
v 257.347321 0.000000 -62.586029
v 257.347321 1.000000 -62.586029
v 269.339386 -0.000001 -62.149609
v 269.339386 1.000000 -62.149609
v 257.412598 -0.000000 -64.547112
v 257.412598 1.000000 -64.547112
v 269.407166 -0.000000 -64.186302
v 269.407166 1.000000 -64.186302
v 257.465912 -0.000000 -66.511032
v 257.465912 0.999999 -66.511032
v 269.462402 0.000001 -66.220901
v 269.462402 1.000000 -66.220901
v 257.507751 0.000000 -68.478104
v 257.507751 1.000000 -68.478104
v 269.505615 -0.000000 -68.252922
v 269.505615 1.000000 -68.252922
v 257.539703 0.000000 -70.448105
v 257.539703 1.000000 -70.448105
v 269.538574 -0.000000 -70.282394
v 269.538574 1.000000 -70.282394
v 257.562531 -0.000001 -72.420586
v 257.562531 1.000000 -72.420586
v 269.562012 0.000000 -72.309647
v 269.562012 1.000000 -72.309647
v 257.576538 0.000000 -74.394875
v 257.576538 1.000000 -74.394875
v 269.576385 -0.000000 -74.335251
v 269.576385 1.000000 -74.335251
v 257.582062 -0.000000 -76.370049
v 257.582062 1.000000 -76.370049
v 269.582062 0.000000 -76.360062
v 269.582062 1.000000 -76.360062
v 257.579590 -0.000001 -78.345108
v 257.579590 1.000000 -78.345108
v 269.579529 -0.000000 -78.384995
v 269.579529 1.000001 -78.384995
v 257.568878 -0.000000 -80.319023
v 257.568878 1.000000 -80.319023
v 269.568542 0.000000 -80.411011
v 269.568542 1.000000 -80.411011
v 257.549377 -0.000000 -82.290665
v 257.549377 1.000000 -82.290665
v 269.548462 0.000000 -82.439171
v 269.548462 1.000000 -82.439171
v 257.520111 0.000000 -84.258759
v 257.520111 1.000000 -84.258759
v 269.518250 -0.000000 -84.470627
v 269.518250 1.000000 -84.470619
v 257.479553 0.000024 -86.222656
v 257.479553 1.000024 -86.222618
v 269.476196 0.000025 -86.505905
v 269.476196 1.000025 -86.505867
v 257.426880 0.000221 -88.183067
v 257.426910 1.000222 -88.182869
v 269.421448 0.000232 -88.544205
v 269.421448 1.000232 -88.544006
v 257.361237 0.000917 -90.140732
v 257.361237 1.000917 -90.140152
v 269.352997 0.000958 -90.584656
v 269.353027 1.000957 -90.584084
v 257.281860 0.002627 -92.096428
v 257.281921 1.002626 -92.095161
v 269.270142 0.002744 -92.626343
v 269.270203 1.002743 -92.625076
v 257.188385 0.006079 -94.050980
v 257.188477 1.006075 -94.048592
v 269.172485 0.006351 -94.668335
v 269.172607 1.006347 -94.665939
v 257.080627 0.012237 -96.005257
v 257.080811 1.012229 -96.001183
v 269.059937 0.012786 -96.709641
v 269.060120 1.012778 -96.705566
v 256.958740 0.022342 -97.960205
v 256.959076 1.022321 -97.953751
v 268.932770 0.023333 -98.749260
v 268.933105 1.023312 -98.742805
v 256.823120 0.037929 -99.916672
v 256.823700 1.037882 -99.907028
v 268.791595 0.039563 -100.786278
v 268.792145 1.039516 -100.776627
v 256.674530 0.060661 -101.875122
v 256.675385 1.060568 -101.861458
v 268.637268 0.063175 -102.820099
v 268.638123 1.063081 -102.806442
v 256.513763 0.092115 -103.835983
v 256.515015 1.091945 -103.817581
v 268.470825 0.095735 -104.850075
v 268.472076 1.095565 -104.831680
v 256.341888 0.133669 -105.799950
v 256.343628 1.133385 -105.776207
v 268.293610 0.138581 -106.875328
v 268.295349 1.138298 -106.851585
v 256.160278 0.186415 -107.767868
v 256.162537 1.185977 -107.738365
v 268.107239 0.192705 -108.894806
v 268.109497 1.192267 -108.865295
v 255.970535 0.251045 -109.740715
v 255.973358 1.250413 -109.705261
v 267.913696 0.258631 -110.907410
v 267.916504 1.257999 -110.871956
v 255.774704 0.327727 -111.719337
v 255.778107 1.326869 -111.678055
v 267.715271 0.336318 -112.912201
v 267.718658 1.335460 -112.870918
v 255.575058 0.416032 -113.704239
v 255.579010 1.414932 -113.657501
v 267.514435 0.425135 -114.908768
v 267.518402 1.424034 -114.862030
v 255.374023 0.515072 -115.695267
v 255.378479 1.513728 -115.643631
v 267.313660 0.524056 -116.897537
v 267.318085 1.522712 -116.845901
v 255.173889 0.623706 -117.691917
v 255.178772 1.622129 -117.635986
v 267.114990 0.631883 -118.879417
v 267.119873 1.630306 -118.823486
v 254.976700 0.740674 -119.693542
v 254.981949 1.738883 -119.633942
v 266.920319 0.747353 -120.855469
v 266.925568 1.745561 -120.795868
v 254.784210 0.864698 -121.699509
v 254.789749 1.862717 -121.636833
v 266.731140 0.869231 -122.826767
v 266.736694 1.867249 -122.764099
v 254.597870 0.994556 -123.709229
v 254.603638 1.992413 -123.644051
v 266.548706 0.996359 -124.794250
v 266.554474 1.994216 -124.729073
v 254.419128 1.129263 -125.722351
v 254.425079 2.126987 -125.655190
v 266.374298 1.127804 -126.758614
v 266.380249 2.125529 -126.691452
v 254.249069 1.267720 -127.738426
v 254.255142 2.265341 -127.669746
v 266.208801 1.262547 -128.720612
v 266.214874 2.260168 -128.651917
v 254.088272 1.408895 -129.756882
v 254.094437 2.406438 -129.687103
v 266.052643 1.399661 -130.680969
v 266.058807 2.397204 -130.611176
v 253.937225 1.551945 -131.777252
v 253.943436 2.549438 -131.706757
v 265.906128 1.538388 -132.640274
v 265.912354 2.535882 -132.569794
v 253.797089 1.696135 -133.799194
v 253.803329 2.693606 -133.728394
v 265.770386 1.678070 -134.598999
v 265.776642 2.675541 -134.528198
v 253.667786 1.840609 -135.822327
v 253.674011 2.838082 -135.751556
v 265.645233 1.817937 -136.557587
v 265.651459 2.815411 -136.486816
v 253.548889 1.984714 -137.846283
v 253.555115 2.982213 -137.775848
v 265.530151 1.957404 -138.516357
v 265.536346 2.954902 -138.445938
v 253.442001 2.127632 -139.870834
v 253.448181 3.125180 -139.801117
v 265.426727 2.095712 -140.475632
v 265.432892 3.093260 -140.405899
v 253.345520 2.268891 -141.895721
v 253.351654 3.266506 -141.826965
v 265.333313 2.232444 -142.435562
v 265.339447 3.230060 -142.366821
v 253.260376 2.407733 -143.920685
v 253.266449 3.405434 -143.853195
v 265.250885 2.366890 -144.396439
v 265.256958 3.364591 -144.328949
v 253.185776 2.543749 -145.945511
v 253.191803 3.541548 -145.879486
v 265.178589 2.498691 -146.358475
v 265.184601 3.496490 -146.292450
v 253.121887 2.676462 -147.969879
v 253.127853 3.674368 -147.905457
v 265.116638 2.627409 -148.321930
v 265.122589 3.625314 -148.257507
v 253.067902 2.805810 -149.993713
v 253.073822 3.803822 -149.930954
v 265.064209 2.752997 -150.286911
v 265.070129 3.751008 -150.224152
v 253.024063 2.931488 -152.016739
v 253.029968 3.929604 -151.955658
v 265.021606 2.875167 -152.253510
v 265.027496 3.873283 -152.192429
v 252.988968 3.053907 -154.039093
v 252.994827 4.052123 -153.979645
v 264.987427 2.994308 -154.221649
v 264.993286 3.992523 -154.162201
v 252.963654 3.172635 -156.060516
v 252.969498 4.170942 -156.002625
v 264.962769 3.109999 -156.191437
v 264.968628 4.108306 -156.133545
v 252.946152 3.288466 -158.081207
v 252.951981 4.286856 -158.024811
v 264.945709 3.222992 -158.162567
v 264.951538 4.221382 -158.106171
v 252.937347 3.401199 -160.101044
v 252.943161 4.399661 -160.045929
v 264.937103 3.333085 -160.135162
v 264.942932 4.331548 -160.080048
v 252.936096 3.511442 -162.120178
v 252.941910 4.509968 -162.066193
v 264.935883 3.440854 -162.108978
v 264.941711 4.439379 -162.054993
v 252.942169 3.619550 -164.138641
v 252.947998 4.618126 -164.085617
v 264.941833 3.546622 -164.083771
v 264.947662 4.545198 -164.030731
v 252.955887 3.725759 -166.156769
v 252.961731 4.724376 -166.104523
v 264.955261 3.650583 -166.059235
v 264.961090 4.649199 -166.006989
v 252.976120 3.830594 -168.174835
v 252.981964 4.829245 -168.123260
v 264.975067 3.753218 -168.034912
v 264.980896 4.751870 -167.983337
v 253.004318 3.933975 -170.193054
v 253.010162 4.932657 -170.142075
v 265.002655 3.854410 -170.010452
v 265.008514 4.853092 -169.959473
v 253.039062 4.036285 -172.211594
v 253.044922 5.034997 -172.161179
v 265.036652 3.954525 -171.985626
v 265.042511 4.953236 -171.935211
v 253.081787 4.137337 -174.230591
v 253.087662 5.136077 -174.180756
v 265.078461 4.053347 -173.960144
v 265.084320 5.052088 -173.910309
v 253.131561 4.237235 -176.250031
v 253.137451 5.236007 -176.200836
v 265.127106 4.150990 -175.933960
v 265.132965 5.149762 -175.884766
v 253.189713 4.335598 -178.269913
v 253.195618 5.334407 -178.221466
v 265.183899 4.247069 -177.906921
v 265.189819 5.245879 -177.858490
v 253.255219 4.432387 -180.289978
v 253.261154 5.431240 -180.242462
v 265.247833 4.341574 -179.879272
v 265.253784 5.340427 -179.831757
v 253.329559 4.526866 -182.309967
v 253.335526 5.525773 -182.263565
v 265.320404 4.433798 -181.851089
v 265.326385 5.432703 -181.804688
v 253.411301 4.619053 -184.329681
v 253.417328 5.618017 -184.284576
v 265.400208 4.523789 -183.822662
v 265.406219 5.522753 -183.777557
v 253.501785 4.708218 -186.349014
v 253.507874 5.707243 -186.305283
v 265.488556 4.610838 -185.794052
v 265.494629 5.609863 -185.750320
v 253.599762 4.794649 -188.368042
v 253.605927 5.793735 -188.325729
v 265.584198 4.695224 -187.765274
v 265.590363 5.694310 -187.722961
v 253.706253 4.877954 -190.386810
v 253.712494 5.877098 -190.345917
v 265.688171 4.776550 -189.736145
v 265.694397 5.775694 -189.695251
v 253.820435 4.958539 -192.405518
v 253.826736 5.957737 -192.365967
v 265.799622 4.855210 -191.706543
v 265.805908 5.854408 -191.666992
v 253.943253 5.036289 -194.424408
v 253.949646 6.035534 -194.386108
v 265.919434 4.931056 -193.676086
v 265.925812 5.930302 -193.637787
v 254.074066 5.111725 -196.443695
v 254.080536 6.111014 -196.406525
v 266.046936 5.004593 -195.644531
v 266.053406 6.003881 -195.607361
v 254.214325 5.184855 -198.463821
v 254.220856 6.184178 -198.427612
v 266.183502 5.075787 -197.611237
v 266.190033 6.075109 -197.575027
v 254.363174 5.256316 -200.484955
v 254.369751 6.255667 -200.449554
v 266.328186 5.145257 -199.576019
v 266.334778 6.144608 -199.540619
v 254.522980 5.326139 -202.507202
v 254.529617 6.325513 -202.472443
v 266.483276 5.213010 -201.538330
v 266.489899 6.212383 -201.503571
v 254.692261 5.394860 -204.530014
v 254.698944 6.394251 -204.495789
v 266.647308 5.279612 -203.498749
v 266.653992 6.279003 -203.464523
v 254.873383 5.462434 -206.553101
v 254.880096 6.461841 -206.519318
v 266.822632 5.345020 -205.457092
v 266.829376 6.344426 -205.423309
v 255.064880 5.529114 -208.576111
v 255.071655 6.528535 -208.542755
v 267.007843 5.409513 -207.413712
v 267.014618 6.408935 -207.380356
v 255.268494 5.594776 -210.598709
v 255.275299 6.594212 -210.565796
v 267.204651 5.472974 -209.368469
v 267.211456 6.472409 -209.335556
v 255.483154 5.659440 -212.620697
v 255.490021 6.658890 -212.588287
v 267.411987 5.535435 -211.321594
v 267.418854 6.534886 -211.289185
v 255.710190 5.722775 -214.641769
v 255.717117 6.722246 -214.610016
v 267.631195 5.596585 -213.272919
v 267.638123 6.596056 -213.241165
v 255.948380 5.784626 -216.661865
v 255.955399 6.784122 -216.630936
v 267.861053 5.656285 -215.222641
v 267.868103 6.655781 -215.191711
v 256.199493 5.844173 -218.680603
v 256.206665 6.843705 -218.650818
v 268.103363 5.713738 -217.170441
v 268.110535 6.713269 -217.140656
v 256.462219 5.900972 -220.698776
v 256.469604 6.900547 -220.670563
v 268.356598 5.768487 -219.115692
v 268.363983 6.768062 -219.087479
v 256.737793 5.954123 -222.718048
v 256.745453 6.953751 -222.691849
v 268.621429 5.819579 -221.056351
v 268.629089 6.819206 -221.030151
v 257.029205 6.002303 -224.741516
v 257.037231 7.001993 -224.717911
v 268.899628 5.865580 -222.988297
v 268.907654 6.865269 -222.964691
v 257.339111 6.044609 -226.773163
v 257.347656 7.044365 -226.752747
v 269.192291 5.905540 -224.906860
v 269.200806 6.905296 -224.886444
v 257.673615 6.079738 -228.818817
v 257.682770 7.079558 -228.802231
v 269.502472 5.938148 -226.804367
v 269.511627 6.937968 -226.787781
v 258.044281 6.105987 -230.888153
v 258.054199 7.105863 -230.875854
v 269.836182 5.961793 -228.667725
v 269.846100 6.961668 -228.655426
v 258.464508 6.122955 -232.989243
v 258.475250 7.122865 -232.981155
v 270.199280 5.976500 -230.484573
v 270.210022 6.976409 -230.476486
v 258.955353 6.130947 -235.124954
v 258.966858 7.130869 -235.120117
v 270.603424 5.983093 -232.243805
v 270.614929 6.983016 -232.238968
v 259.532562 6.132238 -237.281998
v 259.544556 7.132163 -237.279037
v 271.059357 5.984117 -233.948685
v 271.071350 6.984041 -233.945724
v 260.207489 6.129684 -239.440735
v 260.219635 7.129608 -239.438248
v 271.577637 5.982152 -235.606918
v 271.589783 6.982075 -235.604431
v 260.985443 6.126000 -241.583572
v 260.997406 7.125925 -241.580597
v 272.164612 5.979366 -237.224091
v 272.176575 6.979291 -237.221115
v 261.872101 6.122675 -243.703583
v 261.883728 7.122600 -243.699799
v 272.821198 5.976902 -238.794830
v 272.832825 6.976828 -238.791046
v 262.877350 6.120100 -245.795990
v 262.888489 7.120028 -245.791214
v 273.548187 5.975035 -240.308517
v 273.559326 6.974962 -240.303741
v 264.006500 6.119099 -247.846481
v 264.016815 7.119027 -247.840240
v 274.349030 5.974319 -241.762817
v 274.359375 6.974247 -241.756577
v 265.251465 6.121632 -249.830856
v 265.260284 7.121556 -249.822205
v 275.231140 5.976108 -243.168640
v 275.239960 6.976032 -243.159988
v 266.584229 6.130992 -251.718140
v 266.590393 7.130897 -251.705780
v 276.208344 5.982973 -244.551941
v 276.214539 6.982878 -244.539581
v 267.977509 6.151337 -253.504028
v 267.979736 7.151183 -253.486633
v 277.279358 5.998629 -245.924316
v 277.281616 6.998476 -245.906921
v 269.427582 6.186196 -255.212112
v 269.424866 7.185923 -255.188873
v 278.422546 6.026118 -247.270782
v 278.419830 7.025844 -247.247543
v 270.950043 6.238177 -256.867249
v 270.941650 7.237710 -256.837830
v 279.612671 6.066725 -248.564896
v 279.604309 7.066258 -248.535507
v 272.564270 6.308602 -258.475464
v 272.549988 7.307879 -258.440186
v 280.836304 6.120090 -249.784225
v 280.822021 7.119367 -249.748947
v 274.254608 6.395735 -260.008087
v 274.234741 7.394725 -259.967773
v 282.112549 6.185900 -250.941177
v 282.092682 7.184889 -250.900848
v 275.983185 6.495002 -261.440735
v 275.958771 7.493731 -261.396637
v 283.465271 6.263623 -252.061798
v 283.440887 7.262352 -252.017685
v 277.710083 6.600461 -262.770935
v 277.682770 7.599012 -262.724548
v 284.906555 6.351668 -253.171494
v 284.879242 7.350219 -253.125137
v 279.425049 6.707085 -264.024353
v 279.397064 7.705595 -263.977478
v 286.417603 6.445621 -254.275711
v 286.389648 7.444131 -254.228867
v 281.136780 6.809761 -265.228027
v 281.110626 7.808380 -265.182465
v 287.972107 6.538866 -255.368774
v 287.945984 7.537485 -255.323212
v 282.850922 6.903699 -266.396454
v 282.828369 7.902514 -266.353333
v 289.556152 6.625668 -256.448486
v 289.533630 7.624483 -256.405365
v 284.569214 6.986383 -267.538025
v 284.551086 7.985412 -267.497864
v 291.162445 6.702955 -257.515625
v 291.144348 7.701984 -257.475464
v 286.292053 7.056870 -268.656921
v 286.278473 8.056086 -268.619690
v 292.787750 6.769437 -258.571106
v 292.774170 7.768652 -258.533875
v 288.017761 7.116191 -269.756226
v 288.008179 8.115544 -269.721558
v 294.430237 6.825883 -259.617371
v 294.420654 7.825237 -259.582703
v 289.744324 7.166411 -270.838654
v 289.737915 8.165857 -270.805969
v 296.088501 6.874119 -260.657013
v 296.082092 7.873564 -260.624329
v 291.470184 7.209166 -271.905731
v 291.466064 8.208668 -271.874451
v 297.761871 6.915556 -261.691589
v 297.757751 7.915059 -261.660309
v 293.195007 7.247348 -272.962280
v 293.192474 8.246886 -272.932007
v 299.445770 6.952834 -262.723083
v 299.443268 7.952371 -262.692810
v 294.918793 7.282009 -274.009888
v 294.917358 8.281570 -273.980286
v 301.138611 6.986871 -263.751892
v 301.137207 7.986432 -263.722290
v 296.641785 7.314308 -275.050659
v 296.641083 8.313881 -275.021484
v 302.838318 7.018729 -264.778595
v 302.837585 8.018302 -264.749390
v 298.364288 7.345176 -276.086700
v 298.364014 8.344759 -276.057800
v 304.542725 7.049273 -265.803711
v 304.542450 8.048856 -265.774811
v 300.086426 7.375032 -277.118713
v 300.086426 8.374619 -277.089966
v 306.251038 7.078890 -266.827454
v 306.251038 8.078477 -266.798706
v 301.808441 7.404330 -278.147736
v 301.808624 8.403919 -278.119080
v 307.962097 7.108003 -267.849945
v 307.962280 8.107592 -267.821289
vn -0.9624 -0.0000 -0.2718
vn 0.2735 -0.0000 -0.9619
vn 0.9623 -0.0000 0.2718
vn -0.2763 -0.0000 0.9611
vn -0.0000 -1.0000 -0.0000
vn -0.0000 1.0000 -0.0000
vn 0.2677 -0.0000 -0.9635
vn 0.9624 -0.0000 0.2718
vn -0.9647 -0.0000 -0.2634
vn 0.2616 -0.0000 -0.9652
vn 0.9647 -0.0000 0.2634
vn -0.9659 -0.0000 -0.2588
vn 0.2552 -0.0000 -0.9669
vn 0.9659 -0.0000 0.2588
vn -0.9674 -0.0000 -0.2532
vn 0.2486 -0.0000 -0.9686
vn 0.9674 -0.0000 0.2532
vn -0.9698 -0.0000 -0.2439
vn 0.2417 -0.0000 -0.9704
vn 0.9698 -0.0000 0.2440
vn -0.9713 -0.0000 -0.2378
vn 0.2345 -0.0000 -0.9721
vn 0.9713 -0.0000 0.2378
vn -0.9730 -0.0000 -0.2310
vn 0.2271 -0.0000 -0.9739
vn 0.9730 -0.0000 0.2310
vn -0.9746 -0.0000 -0.2237
vn 0.2196 -0.0000 -0.9756
vn 0.9747 -0.0000 0.2237
vn -0.9764 -0.0000 -0.2161
vn 0.2119 -0.0000 -0.9773
vn 0.9764 -0.0000 0.2161
vn -0.9781 -0.0000 -0.2082
vn 0.2041 -0.0000 -0.9789
vn 0.9781 -0.0000 0.2082
vn -0.9798 -0.0000 -0.2002
vn 0.1963 -0.0000 -0.9805
vn 0.9798 -0.0000 0.2002
vn -0.9813 -0.0000 -0.1923
vn 0.1885 -0.0000 -0.9821
vn 0.9813 -0.0000 0.1923
vn -0.9829 -0.0000 -0.1844
vn 0.1807 -0.0000 -0.9835
vn 0.9829 -0.0000 0.1844
vn -0.9843 -0.0000 -0.1766
vn 0.1730 -0.0000 -0.9849
vn 0.9843 -0.0000 0.1766
vn -0.9856 -0.0000 -0.1688
vn 0.1651 -0.0000 -0.9863
vn 0.9856 -0.0000 0.1688
vn -0.9870 -0.0000 -0.1610
vn 0.1570 -0.0000 -0.9876
vn 0.9870 -0.0000 0.1610
vn -0.9882 -0.0000 -0.1530
vn 0.1486 -0.0000 -0.9889
vn 0.9882 -0.0000 0.1530
vn -0.9895 -0.0000 -0.1447
vn 0.1399 -0.0000 -0.9902
vn 0.9895 -0.0000 0.1447
vn -0.9908 -0.0000 -0.1350
vn 0.1311 -0.0000 -0.9914
vn 0.9908 -0.0000 0.1350
vn -0.9919 -0.0000 -0.1268
vn 0.1223 -0.0000 -0.9925
vn 0.9919 -0.0000 0.1268
vn -0.9930 -0.0000 -0.1182
vn 0.1135 -0.0000 -0.9935
vn 0.9930 -0.0000 0.1182
vn -0.9941 -0.0000 -0.1088
vn 0.1049 -0.0000 -0.9945
vn 0.9941 -0.0000 0.1088
vn -0.9949 -0.0000 -0.1010
vn 0.0964 -0.0000 -0.9953
vn 0.9949 -0.0000 0.1010
vn -0.9958 -0.0000 -0.0918
vn 0.0882 -0.0000 -0.9961
vn 0.9958 -0.0000 0.0919
vn -0.9964 -0.0000 -0.0845
vn 0.0802 -0.0000 -0.9968
vn 0.9964 -0.0000 0.0845
vn -0.9971 -0.0000 -0.0759
vn 0.0724 -0.0000 -0.9974
vn 0.9971 -0.0000 0.0759
vn -0.9976 -0.0000 -0.0688
vn 0.0647 -0.0000 -0.9979
vn 0.9976 -0.0000 0.0688
vn -0.9982 -0.0000 -0.0607
vn 0.0572 -0.0000 -0.9984
vn 0.9982 -0.0000 0.0607
vn -0.9986 -0.0000 -0.0537
vn 0.0500 -0.0000 -0.9987
vn 0.9986 -0.0000 0.0537
vn -0.9989 -0.0000 -0.0466
vn 0.0430 -0.0000 -0.9991
vn 0.9989 -0.0000 0.0466
vn -0.9992 -0.0000 -0.0395
vn 0.0364 -0.0000 -0.9993
vn 0.9992 -0.0000 0.0395
vn -0.9994 -0.0000 -0.0333
vn 0.0301 -0.0000 -0.9995
vn 0.9994 -0.0000 0.0333
vn -0.9996 -0.0000 -0.0271
vn 0.0242 -0.0000 -0.9997
vn 0.9996 -0.0000 0.0271
vn -0.9998 -0.0000 -0.0213
vn 0.0188 -0.0000 -0.9998
vn 0.9998 -0.0000 0.0213
vn -0.9999 -0.0000 -0.0162
vn 0.0138 -0.0000 -0.9999
vn 0.9999 -0.0000 0.0162
vn -0.9999 -0.0000 -0.0116
vn 0.0092 -0.0000 -1.0000
vn 0.9999 -0.0000 0.0116
vn -1.0000 -0.0000 -0.0071
vn 0.0050 -0.0000 -1.0000
vn 1.0000 -0.0000 0.0071
vn -1.0000 -0.0000 -0.0028
vn 0.0008 -0.0000 -1.0000
vn 1.0000 -0.0000 0.0028
vn -1.0000 -0.0000 0.0013
vn -0.0033 -0.0000 -1.0000
vn 1.0000 -0.0000 -0.0013
vn -1.0000 -0.0000 0.0054
vn -0.0077 -0.0000 -1.0000
vn 1.0000 -0.0000 -0.0054
vn -1.0000 -0.0000 0.0099
vn -0.0124 -0.0000 -0.9999
vn 1.0000 -0.0000 -0.0099
vn -0.9999 -0.0000 0.0149
vn -0.0177 -0.0000 -0.9998
vn 0.9999 -0.0000 -0.0149
vn -0.9998 -0.0000 0.0206
vn -0.0236 -0.0000 -0.9997
vn 0.9998 -0.0000 -0.0206
vn -0.9996 -0.0000 0.0268
vn -0.0301 0.0002 -0.9995
vn 0.9996 -0.0000 -0.0268
vn -0.0000 -1.0000 -0.0001
vn -0.0000 1.0000 0.0001
vn -0.9994 -0.0000 0.0335
vn -0.0370 0.0006 -0.9993
vn 0.9994 -0.0000 -0.0335
vn -0.0000 -1.0000 -0.0004
vn -0.0000 1.0000 0.0004
vn -0.9992 -0.0000 0.0405
vn -0.0442 0.0013 -0.9990
vn 0.9992 -0.0000 -0.0405
vn -0.0000 -1.0000 -0.0009
vn -0.0000 1.0000 0.0009
vn -0.9989 -0.0000 0.0478
vn -0.0514 0.0024 -0.9987
vn 0.9989 -0.0000 -0.0478
vn -0.0001 -1.0000 -0.0018
vn 0.0001 1.0000 0.0018
vn -0.9985 -0.0000 0.0551
vn -0.0587 0.0041 -0.9983
vn 0.9985 -0.0000 -0.0551
vn -0.0001 -1.0000 -0.0031
vn 0.0001 1.0000 0.0031
vn -0.9981 -0.0001 0.0622
vn -0.0658 0.0065 -0.9978
vn 0.9981 0.0001 -0.0622
vn -0.0003 -1.0000 -0.0052
vn 0.0003 1.0000 0.0052
vn -0.9976 -0.0001 0.0691
vn -0.0725 0.0097 -0.9973
vn 0.9976 0.0001 -0.0691
vn -0.0004 -1.0000 -0.0079
vn 0.0004 1.0000 0.0079
vn -0.9971 -0.0002 0.0757
vn -0.0787 0.0137 -0.9968
vn 0.9971 0.0002 -0.0757
vn -0.0007 -0.9999 -0.0116
vn 0.0007 0.9999 0.0116
vn -0.9967 -0.0003 0.0817
vn -0.0845 0.0184 -0.9963
vn 0.9967 0.0002 -0.0817
vn -0.0011 -0.9999 -0.0160
vn 0.0011 0.9999 0.0160
vn -0.9962 -0.0004 0.0872
vn -0.0896 0.0238 -0.9957
vn 0.9962 0.0004 -0.0872
vn -0.0015 -0.9998 -0.0210
vn 0.0015 0.9998 0.0210
vn -0.9958 -0.0005 0.0919
vn -0.0939 0.0296 -0.9951
vn 0.9958 0.0005 -0.0919
vn -0.0020 -0.9996 -0.0266
vn 0.0020 0.9996 0.0266
vn -0.9954 -0.0006 0.0957
vn -0.0972 0.0356 -0.9946
vn 0.9954 0.0006 -0.0957
vn -0.0025 -0.9995 -0.0325
vn 0.0025 0.9995 0.0325
vn -0.9951 -0.0007 0.0985
vn -0.0993 0.0414 -0.9942
vn 0.9951 0.0007 -0.0985
vn -0.0031 -0.9993 -0.0384
vn 0.0031 0.9993 0.0384
vn -0.9950 -0.0007 0.1000
vn -0.1003 0.0469 -0.9939
vn 0.9950 0.0007 -0.1000
vn -0.0037 -0.9990 -0.0441
vn 0.0037 0.9990 0.0441
vn -0.9949 -0.0008 0.1004
vn -0.1001 0.0518 -0.9936
vn 0.9949 0.0008 -0.1004
vn -0.0042 -0.9988 -0.0493
vn 0.0042 0.9988 0.0493
vn -0.9950 -0.0007 0.0997
vn -0.0988 0.0561 -0.9935
vn 0.9950 0.0007 -0.0997
vn -0.0047 -0.9985 -0.0539
vn 0.0047 0.9985 0.0539
vn -0.9952 -0.0006 0.0980
vn -0.0967 0.0598 -0.9935
vn 0.9952 0.0006 -0.0980
vn -0.0051 -0.9983 -0.0578
vn 0.0051 0.9983 0.0578
vn -0.9954 -0.0005 0.0955
vn -0.0938 0.0629 -0.9936
vn 0.9954 0.0005 -0.0955
vn -0.0054 -0.9981 -0.0612
vn 0.0054 0.9981 0.0612
vn -0.9957 -0.0003 0.0923
vn -0.0902 0.0654 -0.9938
vn 0.9957 0.0003 -0.0923
vn -0.0057 -0.9979 -0.0640
vn 0.0057 0.9979 0.0640
vn -0.9961 -0.0000 0.0884
vn -0.0862 0.0674 -0.9940
vn 0.9961 -0.0000 -0.0884
vn -0.0059 -0.9978 -0.0662
vn 0.0059 0.9978 0.0662
vn -0.9965 0.0003 0.0841
vn -0.0816 0.0689 -0.9943
vn 0.9965 -0.0003 -0.0841
vn -0.0060 -0.9977 -0.0680
vn 0.0060 0.9977 0.0680
vn -0.9968 0.0006 0.0795
vn -0.0768 0.0700 -0.9946
vn 0.9968 -0.0006 -0.0795
vn -0.0061 -0.9976 -0.0693
vn 0.0061 0.9976 0.0693
vn -0.9972 0.0009 0.0746
vn -0.0717 0.0707 -0.9949
vn 0.9972 -0.0009 -0.0746
vn -0.0062 -0.9975 -0.0702
vn 0.0062 0.9975 0.0702
vn -0.9976 0.0013 0.0692
vn -0.0664 0.0711 -0.9953
vn 0.9976 -0.0013 -0.0692
vn -0.0062 -0.9975 -0.0707
vn 0.0062 0.9975 0.0707
vn -0.9980 0.0017 0.0639
vn -0.0610 0.0710 -0.9956
vn 0.9980 -0.0017 -0.0639
vn -0.0062 -0.9975 -0.0708
vn 0.0062 0.9975 0.0708
vn -0.9983 0.0021 0.0588
vn -0.0555 0.0707 -0.9960
vn 0.9983 -0.0021 -0.0588
vn -0.9986 0.0025 0.0529
vn -0.0501 0.0699 -0.9963
vn 0.9986 -0.0025 -0.0529
vn -0.0062 -0.9975 -0.0701
vn 0.0062 0.9975 0.0701
vn -0.9989 0.0028 0.0478
vn -0.0447 0.0690 -0.9966
vn 0.9989 -0.0028 -0.0478
vn -0.0062 -0.9976 -0.0693
vn 0.0062 0.9976 0.0693
vn -0.9991 0.0032 0.0422
vn -0.0393 0.0677 -0.9969
vn 0.9991 -0.0032 -0.0422
vn -0.0061 -0.9977 -0.0681
vn 0.0061 0.9977 0.0681
vn -0.9993 0.0036 0.0371
vn -0.0341 0.0662 -0.9972
vn 0.9993 -0.0036 -0.0371
vn -0.0060 -0.9977 -0.0668
vn 0.0060 0.9977 0.0668
vn -0.9995 0.0039 0.0318
vn -0.0290 0.0646 -0.9975
vn 0.9995 -0.0039 -0.0318
vn -0.0060 -0.9979 -0.0652
vn 0.0060 0.9979 0.0652
vn -0.9996 0.0042 0.0269
vn -0.0241 0.0629 -0.9977
vn 0.9996 -0.0042 -0.0269
vn -0.0059 -0.9980 -0.0636
vn 0.0059 0.9980 0.0636
vn -0.9997 0.0046 0.0219
vn -0.0194 0.0612 -0.9979
vn 0.9997 -0.0046 -0.0219
vn -0.0059 -0.9981 -0.0619
vn 0.0059 0.9981 0.0619
vn -0.9998 0.0048 0.0176
vn -0.0149 0.0595 -0.9981
vn 0.9998 -0.0048 -0.0176
vn -0.0059 -0.9982 -0.0603
vn 0.0059 0.9982 0.0603
vn -0.9999 0.0051 0.0128
vn -0.0106 0.0579 -0.9983
vn 0.9999 -0.0051 -0.0128
vn -0.0058 -0.9983 -0.0586
vn 0.0058 0.9983 0.0586
vn -0.9999 0.0053 0.0090
vn -0.0065 0.0564 -0.9984
vn 0.9999 -0.0053 -0.0090
vn -0.0058 -0.9983 -0.0572
vn 0.0058 0.9983 0.0572
vn -1.0000 0.0056 0.0047
vn -0.0025 0.0551 -0.9985
vn 1.0000 -0.0056 -0.0047
vn -0.0058 -0.9984 -0.0557
vn 0.0058 0.9984 0.0557
vn -1.0000 0.0058 0.0009
vn 0.0012 0.0540 -0.9985
vn 1.0000 -0.0058 -0.0009
vn -0.0058 -0.9985 -0.0545
vn 0.0058 0.9985 0.0545
vn -1.0000 0.0060 -0.0027
vn 0.0049 0.0530 -0.9986
vn 1.0000 -0.0060 0.0027
vn -0.0058 -0.9986 -0.0535
vn 0.0058 0.9986 0.0535
vn -1.0000 0.0062 -0.0065
vn 0.0084 0.0522 -0.9986
vn 1.0000 -0.0062 0.0065
vn -0.0058 -0.9986 -0.0526
vn 0.0058 0.9986 0.0526
vn -0.9999 0.0063 -0.0097
vn 0.0120 0.0515 -0.9986
vn 0.9999 -0.0063 0.0097
vn -0.0058 -0.9986 -0.0519
vn 0.0058 0.9986 0.0519
vn -0.9999 0.0065 -0.0136
vn 0.0155 0.0509 -0.9986
vn 0.9999 -0.0065 0.0136
vn -0.0058 -0.9987 -0.0512
vn 0.0058 0.9987 0.0512
vn -0.9998 0.0067 -0.0169
vn 0.0191 0.0503 -0.9986
vn 0.9998 -0.0067 0.0169
vn -0.0059 -0.9987 -0.0507
vn 0.0059 0.9987 0.0507
vn -0.9998 0.0069 -0.0208
vn 0.0229 0.0497 -0.9985
vn 0.9998 -0.0069 0.0208
vn -0.0059 -0.9987 -0.0501
vn 0.0059 0.9987 0.0501
vn -0.9997 0.0071 -0.0243
vn 0.0267 0.0490 -0.9984
vn 0.9997 -0.0071 0.0243
vn -0.0059 -0.9988 -0.0496
vn 0.0059 0.9988 0.0496
vn -0.9996 0.0073 -0.0284
vn 0.0306 0.0482 -0.9984
vn 0.9996 -0.0073 0.0284
vn -0.0059 -0.9988 -0.0488
vn 0.0059 0.9988 0.0488
vn -0.9995 0.0075 -0.0320
vn 0.0345 0.0473 -0.9983
vn 0.9995 -0.0075 0.0320
vn -0.0059 -0.9988 -0.0481
vn 0.0059 0.9988 0.0480
vn -0.9993 0.0077 -0.0364
vn 0.0386 0.0461 -0.9982
vn 0.9993 -0.0077 0.0364
vn -0.0060 -0.9989 -0.0469
vn 0.0060 0.9989 0.0469
vn -0.9992 0.0078 -0.0401
vn 0.0426 0.0448 -0.9981
vn 0.9992 -0.0078 0.0401
vn -0.0060 -0.9989 -0.0458
vn 0.0060 0.9989 0.0458
vn -0.9990 0.0080 -0.0444
vn 0.0466 0.0434 -0.9980
vn 0.9990 -0.0080 0.0444
vn -0.0061 -0.9990 -0.0444
vn 0.0061 0.9990 0.0444
vn -0.9988 0.0082 -0.0481
vn 0.0505 0.0419 -0.9978
vn 0.9988 -0.0082 0.0481
vn -0.0061 -0.9991 -0.0431
vn 0.0061 0.9991 0.0431
vn -0.9986 0.0084 -0.0523
vn 0.0545 0.0405 -0.9977
vn 0.9986 -0.0084 0.0523
vn -0.0062 -0.9991 -0.0416
vn 0.0062 0.9991 0.0416
vn -0.9984 0.0085 -0.0561
vn 0.0585 0.0391 -0.9975
vn 0.9984 -0.0085 0.0561
vn -0.0063 -0.9992 -0.0402
vn 0.0063 0.9992 0.0402
vn -0.9981 0.0087 -0.0604
vn 0.0626 0.0378 -0.9973
vn 0.9981 -0.0087 0.0604
vn -0.0064 -0.9992 -0.0389
vn 0.0064 0.9992 0.0389
vn -0.9979 0.0088 -0.0643
vn 0.0669 0.0366 -0.9971
vn 0.9979 -0.0088 0.0643
vn -0.0064 -0.9993 -0.0377
vn 0.0064 0.9993 0.0377
vn -0.9976 0.0090 -0.0689
vn 0.0713 0.0357 -0.9968
vn 0.9976 -0.0090 0.0689
vn -0.0065 -0.9993 -0.0366
vn 0.0065 0.9993 0.0366
vn -0.9973 0.0092 -0.0731
vn 0.0760 0.0348 -0.9965
vn 0.9973 -0.0092 0.0731
vn -0.0066 -0.9993 -0.0358
vn 0.0066 0.9993 0.0358
vn -0.9969 0.0093 -0.0785
vn 0.0810 0.0341 -0.9961
vn 0.9969 -0.0093 0.0785
vn -0.0066 -0.9994 -0.0350
vn 0.0066 0.9994 0.0350
vn -0.9965 0.0095 -0.0831
vn 0.0862 0.0335 -0.9957
vn 0.9965 -0.0095 0.0831
vn -0.0067 -0.9994 -0.0345
vn 0.0067 0.9994 0.0345
vn -0.9960 0.0097 -0.0888
vn 0.0916 0.0330 -0.9952
vn 0.9960 -0.0097 0.0889
vn -0.0067 -0.9994 -0.0340
vn 0.0067 0.9994 0.0340
vn -0.9955 0.0099 -0.0939
vn 0.0971 0.0325 -0.9947
vn 0.9955 -0.0099 0.0939
vn -0.0067 -0.9994 -0.0336
vn 0.0067 0.9994 0.0336
vn -0.9950 0.0101 -0.0998
vn 0.1028 0.0320 -0.9942
vn 0.9950 -0.0101 0.0998
vn -0.0068 -0.9994 -0.0331
vn 0.0068 0.9994 0.0331
vn -0.9944 0.0102 -0.1052
vn 0.1085 0.0315 -0.9936
vn 0.9944 -0.0102 0.1052
vn -0.0068 -0.9994 -0.0327
vn 0.0068 0.9994 0.0327
vn -0.9937 0.0104 -0.1113
vn 0.1143 0.0308 -0.9930
vn 0.9937 -0.0104 0.1113
vn -0.0069 -0.9995 -0.0321
vn 0.0069 0.9995 0.0321
vn -0.9931 0.0106 -0.1168
vn 0.1202 0.0299 -0.9923
vn 0.9931 -0.0106 0.1168
vn -0.0070 -0.9995 -0.0314
vn 0.0070 0.9995 0.0314
vn -0.9923 0.0108 -0.1231
vn 0.1261 0.0286 -0.9916
vn 0.9923 -0.0108 0.1231
vn -0.0071 -0.9995 -0.0304
vn 0.0071 0.9995 0.0304
vn -0.9916 0.0110 -0.1288
vn 0.1322 0.0270 -0.9909
vn 0.9916 -0.0110 0.1288
vn -0.0073 -0.9996 -0.0291
vn 0.0073 0.9996 0.0291
vn -0.9908 0.0111 -0.1349
vn 0.1387 0.0249 -0.9900
vn 0.9908 -0.0111 0.1349
vn -0.0075 -0.9996 -0.0273
vn 0.0075 0.9996 0.0273
vn -0.9898 0.0113 -0.1423
vn 0.1463 0.0222 -0.9890
vn 0.9898 -0.0113 0.1423
vn -0.0078 -0.9997 -0.0249
vn 0.0078 0.9997 0.0249
vn -0.9885 0.0115 -0.1506
vn 0.1557 0.0188 -0.9876
vn 0.9885 -0.0115 0.1506
vn -0.0083 -0.9997 -0.0221
vn 0.0083 0.9997 0.0221
vn -0.9869 0.0117 -0.1612
vn 0.1680 0.0148 -0.9857
vn 0.9869 -0.0117 0.1611
vn -0.0088 -0.9998 -0.0186
vn 0.0088 0.9998 0.0186
vn -0.9843 0.0119 -0.1762
vn 0.1852 0.0103 -0.9827
vn 0.9843 -0.0119 0.1761
vn -0.0095 -0.9999 -0.0144
vn 0.0095 0.9999 0.0144
vn -0.9805 0.0121 -0.1960
vn 0.2088 0.0057 -0.9779
vn 0.9806 -0.0121 0.1959
vn -0.0103 -0.9999 -0.0101
vn 0.0103 0.9999 0.0101
vn -0.9745 0.0123 -0.2239
vn 0.2401 0.0019 -0.9707
vn 0.9746 -0.0123 0.2238
vn -0.0111 -0.9999 -0.0063
vn 0.0111 0.9999 0.0063
vn -0.9659 0.0124 -0.2585
vn 0.2778 -0.0005 -0.9606
vn 0.9660 -0.0124 0.2583
vn -0.0118 -0.9999 -0.0037
vn 0.0118 0.9999 0.0037
vn -0.9544 0.0123 -0.2984
vn 0.3195 -0.0015 -0.9476
vn 0.9544 -0.0123 0.2983
vn -0.0121 -0.9999 -0.0026
vn 0.0121 0.9999 0.0026
vn -0.9399 0.0123 -0.3412
vn 0.3633 -0.0016 -0.9317
vn 0.9399 -0.0123 0.3412
vn -0.0121 -0.9999 -0.0027
vn 0.0121 0.9999 0.0027
vn -0.9225 0.0122 -0.3858
vn 0.4091 -0.0013 -0.9125
vn 0.9226 -0.0122 0.3857
vn -0.0118 -0.9999 -0.0034
vn 0.0118 0.9999 0.0034
vn -0.9013 0.0121 -0.4330
vn 0.4573 -0.0008 -0.8893
vn 0.9014 -0.0121 0.4329
vn -0.0114 -0.9999 -0.0042
vn 0.0114 0.9999 0.0042
vn -0.8759 0.0121 -0.4823
vn 0.5070 0.0001 -0.8619
vn 0.8759 -0.0121 0.4823
vn -0.0108 -0.9999 -0.0055
vn 0.0108 0.9999 0.0055
vn -0.8470 0.0121 -0.5314
vn 0.5552 0.0023 -0.8317
vn 0.8470 -0.0121 0.5315
vn -0.0097 -0.9999 -0.0073
vn 0.0097 0.9999 0.0073
vn -0.8168 0.0122 -0.5768
vn 0.5973 0.0062 -0.8020
vn 0.8167 -0.0122 0.5769
vn -0.0077 -0.9999 -0.0104
vn 0.0077 0.9999 0.0104
vn -0.7884 0.0125 -0.6150
vn 0.6318 0.0121 -0.7751
vn 0.7884 -0.0125 0.6151
vn -0.0044 -0.9999 -0.0148
vn 0.0044 0.9999 0.0148
vn -0.7624 0.0130 -0.6470
vn 0.6619 0.0192 -0.7493
vn 0.7624 -0.0130 0.6470
vn 0.0001 -0.9998 -0.0203
vn -0.0001 0.9998 0.0203
vn -0.7361 0.0137 -0.6767
vn 0.6920 0.0270 -0.7214
vn 0.7362 -0.0137 0.6766
vn 0.0055 -0.9996 -0.0264
vn -0.0055 0.9996 0.0264
vn -0.7060 0.0149 -0.7080
vn 0.7243 0.0347 -0.6886
vn 0.7061 -0.0149 0.7079
vn 0.0113 -0.9994 -0.0324
vn -0.0113 0.9994 0.0324
vn -0.6721 0.0165 -0.7403
vn 0.7555 0.0414 -0.6538
vn 0.6720 -0.0165 0.7403
vn 0.0171 -0.9991 -0.0379
vn -0.0171 0.9991 0.0379
vn -0.6386 0.0184 -0.7693
vn 0.7814 0.0466 -0.6222
vn 0.6385 -0.0184 0.7694
vn 0.0222 -0.9989 -0.0424
vn -0.0222 0.9989 0.0424
vn -0.6109 0.0200 -0.7915
vn 0.7998 0.0497 -0.5983
vn 0.6107 -0.0200 0.7916
vn 0.0260 -0.9986 -0.0454
vn -0.0260 0.9986 0.0454
vn -0.5908 0.0213 -0.8065
vn 0.8122 0.0500 -0.5812
vn 0.5907 -0.0213 0.8066
vn 0.0279 -0.9985 -0.0468
vn -0.0279 0.9985 0.0468
vn -0.5760 0.0222 -0.8172
vn 0.8215 0.0474 -0.5682
vn 0.5759 -0.0222 0.8172
vn 0.0273 -0.9986 -0.0464
vn -0.0273 0.9986 0.0464
vn -0.5639 0.0229 -0.8255
vn 0.8290 0.0428 -0.5576
vn 0.5639 -0.0229 0.8255
vn 0.0245 -0.9987 -0.0444
vn -0.0245 0.9987 0.0444
vn -0.5540 0.0234 -0.8322
vn 0.8353 0.0372 -0.5485
vn 0.5540 -0.0234 0.8322
vn 0.0204 -0.9989 -0.0417
vn -0.0204 0.9989 0.0417
vn -0.5452 0.0238 -0.8380
vn 0.8407 0.0316 -0.5406
vn 0.5452 -0.0238 0.8380
vn 0.0158 -0.9991 -0.0386
vn -0.0158 0.9991 0.0386
vn -0.5377 0.0241 -0.8428
vn 0.8452 0.0266 -0.5338
vn 0.5377 -0.0241 0.8428
vn 0.0115 -0.9993 -0.0359
vn -0.0115 0.9993 0.0359
vn -0.5315 0.0243 -0.8467
vn 0.8488 0.0227 -0.5282
vn 0.5315 -0.0243 0.8467
vn 0.0080 -0.9994 -0.0337
vn -0.0080 0.9994 0.0337
vn -0.5262 0.0244 -0.8500
vn 0.8515 0.0199 -0.5239
vn 0.5262 -0.0244 0.8500
vn 0.0051 -0.9995 -0.0318
vn -0.0051 0.9995 0.0318
vn -0.5226 0.0245 -0.8522
vn 0.8536 0.0179 -0.5206
vn 0.5226 -0.0245 0.8522
vn 0.0033 -0.9995 -0.0308
vn -0.0033 0.9995 0.0308
vn -0.5196 0.0246 -0.8541
vn 0.8552 0.0166 -0.5181
vn 0.5196 -0.0246 0.8541
vn 0.0019 -0.9996 -0.0299
vn -0.0019 0.9996 0.0299
vn -0.5172 0.0246 -0.8555
vn 0.8564 0.0157 -0.5161
vn 0.5172 -0.0246 0.8555
vn 0.0010 -0.9996 -0.0294
vn -0.0010 0.9996 0.0294
vn -0.5156 0.0246 -0.8565
vn 0.8573 0.0151 -0.5146
vn 0.5156 -0.0246 0.8565
vn 0.0005 -0.9996 -0.0290
vn -0.0005 0.9996 0.0290
vn -0.5142 0.0247 -0.8573
vn 0.8580 0.0148 -0.5135
vn 0.5142 -0.0247 0.8573
vn 0.0001 -0.9996 -0.0288
vn -0.0001 0.9996 0.0288
vn -0.5131 0.0247 -0.8580
vn 0.8585 0.0146 -0.5126
vn 0.5131 -0.0247 0.8580
vn -0.0001 -0.9996 -0.0287
vn 0.0001 0.9996 0.0287
vt 0.375000 0.000000
vt 0.625000 0.000000
vt 0.625000 0.250000
vt 0.375000 0.250000
vt 0.625000 0.500000
vt 0.375000 0.500000
vt 0.625000 0.750000
vt 0.375000 0.750000
vt 0.625000 1.000000
vt 0.375000 1.000000
vt 0.125000 0.500000
vt 0.125000 0.750000
vt 0.875000 0.500000
vt 0.875000 0.750000
s 0
f 1/1/1 2/2/1 4/3/1 3/4/1
f 3/4/2 4/3/2 8/5/2 7/6/2
f 7/6/3 8/5/3 6/7/3 5/8/3
f 5/8/4 6/7/4 2/9/4 1/10/4
f 3/11/5 7/6/5 5/8/5 1/12/5
f 8/5/6 4/13/6 2/14/6 6/7/6
f 3/1/1 4/2/1 10/3/1 9/4/1
f 9/4/7 10/3/7 12/5/7 11/6/7
f 11/6/8 12/5/8 8/7/8 7/8/8
f 9/11/5 11/6/5 7/8/5 3/12/5
f 12/5/6 10/13/6 4/14/6 8/7/6
f 9/1/9 10/2/9 14/3/9 13/4/9
f 13/4/10 14/3/10 16/5/10 15/6/10
f 15/6/11 16/5/11 12/7/11 11/8/11
f 13/11/5 15/6/5 11/8/5 9/12/5
f 16/5/6 14/13/6 10/14/6 12/7/6
f 13/1/12 14/2/12 18/3/12 17/4/12
f 17/4/13 18/3/13 20/5/13 19/6/13
f 19/6/14 20/5/14 16/7/14 15/8/14
f 17/11/5 19/6/5 15/8/5 13/12/5
f 20/5/6 18/13/6 14/14/6 16/7/6
f 17/1/15 18/2/15 22/3/15 21/4/15
f 21/4/16 22/3/16 24/5/16 23/6/16
f 23/6/17 24/5/17 20/7/17 19/8/17
f 21/11/5 23/6/5 19/8/5 17/12/5
f 24/5/6 22/13/6 18/14/6 20/7/6
f 21/1/18 22/2/18 26/3/18 25/4/18
f 25/4/19 26/3/19 28/5/19 27/6/19
f 27/6/20 28/5/20 24/7/20 23/8/20
f 25/11/5 27/6/5 23/8/5 21/12/5
f 28/5/6 26/13/6 22/14/6 24/7/6
f 25/1/21 26/2/21 30/3/21 29/4/21
f 29/4/22 30/3/22 32/5/22 31/6/22
f 31/6/23 32/5/23 28/7/23 27/8/23
f 29/11/5 31/6/5 27/8/5 25/12/5
f 32/5/6 30/13/6 26/14/6 28/7/6
f 29/1/24 30/2/24 34/3/24 33/4/24
f 33/4/25 34/3/25 36/5/25 35/6/25
f 35/6/26 36/5/26 32/7/26 31/8/26
f 33/11/5 35/6/5 31/8/5 29/12/5
f 36/5/6 34/13/6 30/14/6 32/7/6
f 33/1/27 34/2/27 38/3/27 37/4/27
f 37/4/28 38/3/28 40/5/28 39/6/28
f 39/6/29 40/5/29 36/7/29 35/8/29
f 37/11/5 39/6/5 35/8/5 33/12/5
f 40/5/6 38/13/6 34/14/6 36/7/6
f 37/1/30 38/2/30 42/3/30 41/4/30
f 41/4/31 42/3/31 44/5/31 43/6/31
f 43/6/32 44/5/32 40/7/32 39/8/32
f 41/11/5 43/6/5 39/8/5 37/12/5
f 44/5/6 42/13/6 38/14/6 40/7/6
f 41/1/33 42/2/33 46/3/33 45/4/33
f 45/4/34 46/3/34 48/5/34 47/6/34
f 47/6/35 48/5/35 44/7/35 43/8/35
f 45/11/5 47/6/5 43/8/5 41/12/5
f 48/5/6 46/13/6 42/14/6 44/7/6
f 45/1/36 46/2/36 50/3/36 49/4/36
f 49/4/37 50/3/37 52/5/37 51/6/37
f 51/6/38 52/5/38 48/7/38 47/8/38
f 49/11/5 51/6/5 47/8/5 45/12/5
f 52/5/6 50/13/6 46/14/6 48/7/6
f 49/1/39 50/2/39 54/3/39 53/4/39
f 53/4/40 54/3/40 56/5/40 55/6/40
f 55/6/41 56/5/41 52/7/41 51/8/41
f 53/11/5 55/6/5 51/8/5 49/12/5
f 56/5/6 54/13/6 50/14/6 52/7/6
f 53/1/42 54/2/42 58/3/42 57/4/42
f 57/4/43 58/3/43 60/5/43 59/6/43
f 59/6/44 60/5/44 56/7/44 55/8/44
f 57/11/5 59/6/5 55/8/5 53/12/5
f 60/5/6 58/13/6 54/14/6 56/7/6
f 57/1/45 58/2/45 62/3/45 61/4/45
f 61/4/46 62/3/46 64/5/46 63/6/46
f 63/6/47 64/5/47 60/7/47 59/8/47
f 61/11/5 63/6/5 59/8/5 57/12/5
f 64/5/6 62/13/6 58/14/6 60/7/6
f 61/1/48 62/2/48 66/3/48 65/4/48
f 65/4/49 66/3/49 68/5/49 67/6/49
f 67/6/50 68/5/50 64/7/50 63/8/50
f 65/11/5 67/6/5 63/8/5 61/12/5
f 68/5/6 66/13/6 62/14/6 64/7/6
f 65/1/51 66/2/51 70/3/51 69/4/51
f 69/4/52 70/3/52 72/5/52 71/6/52
f 71/6/53 72/5/53 68/7/53 67/8/53
f 69/11/5 71/6/5 67/8/5 65/12/5
f 72/5/6 70/13/6 66/14/6 68/7/6
f 69/1/54 70/2/54 74/3/54 73/4/54
f 73/4/55 74/3/55 76/5/55 75/6/55
f 75/6/56 76/5/56 72/7/56 71/8/56
f 73/11/5 75/6/5 71/8/5 69/12/5
f 76/5/6 74/13/6 70/14/6 72/7/6
f 73/1/57 74/2/57 78/3/57 77/4/57
f 77/4/58 78/3/58 80/5/58 79/6/58
f 79/6/59 80/5/59 76/7/59 75/8/59
f 77/11/5 79/6/5 75/8/5 73/12/5
f 80/5/6 78/13/6 74/14/6 76/7/6
